-13
-4
17
3
9
-5
7
3
-3
-3
8
7
-1
3
4
-1
-5
3
-1
11
13
5
1
1
-2
1
9
6
16
7
0
1
-6
7
4
16
8
2
4
0
-9
3
10
8
3
-1
-2
-8
-1
-2
11
5
1
-3
7
5
10
-6
2
4
10
10
8
6
12
-2
-10
12
10
10
15
1
10
4
6
-5
10
9
12
7
4
4
-8
-3
6
7
4
13
2
-1
-5
3
0
3
8
10
2
-4
1
0
-3
8
5
16
6
0
-3
-10
4
3
2
11
1
-6
10
0
-12
4
-2
-4
-8
1
-3
-6
-6
-10
6
0
10
6
5
-11
-11
-18
-11
-18
5
3
-5
6
-4
0
3
-5
-6
-4
-5
-6
4
-1
-7
6
-1
-3
-14
-1
-11
1
-7
1
0
-3
3
3
-5
-15
-7
-3
10
-1
-2
-10
-6
3
3
-16
-2
2
6
3
7
-1
-6
-26
3
4
-3
4
0
-1
0
10
-2
-3
4
0
6
-3
5
11
-5
4
1
4
0
3
2
21
4
5
4
2
-5
1
11
16
-4
14
8
0
-1
10
10
21
2
-4
4
7
6
4
11
6
-2
7
11
10
15
9
8
7
8
3
8
8
10
6
10
3
15
13
5
16
9
17
7
-4
-10
-6
-2
4
8
5
9
-8
-11
-1
3
1
3
2
2
-2
-9
-9
-1
9
5
5
-3
2
-5
-3
5
6
3
-3
3
-2
-14
-1
2
15
9
6
-5
5
-10
-3
-3
5
0
1
-6
1
-3
-9
-6
-4
-11
-2
-6
-4
17
-3
-9
-17
-2
-6
1
-19
24
2
-16
-26
-24
-15
-18
-2
23
13
-3
-9
-8
-2
-2
-2
10
2
-1
4
4
-3
-6
1
5
2
3
5
3
-3
-6
-5
-2
7
7
4
8
5
-1
-8
-7
2
-2
6
7
1
6
2
-3
1
6
8
1
11
7
-10
-8
2
6
7
14
14
15
-7
2
-2
0
0
-11
-9
-2
-5
-18
-12
3
-2
2
0
-5
2
8
-2
0
8
0
-9
-5
-9
-15
-6
-8
2
-7
1
-3
-7
-6
-5
-9
-11
2
1
5
-5
-7
-4
-5
-1
-2
2
4
0
-9
-1
-4
7
5
3
7
4
-14
-1
-5
-5
3
5
-5
2
0
2
5
9
7
9
4
7
0
3
7
0
11
5
4
1
6
2
6
9
2
8
3
10
13
0
10
7
5
11
7
-3
9
11
4
7
13
9
8
5
4
6
8
0
8
9
2
10
12
7
2
7
9
7
7
15
11
6
18
13
9
5
14
13
-14
-10
-4
2
4
-1
4
6
-7
0
2
8
7
3
2
-1
-2
3
-2
12
6
-1
-1
-6
-4
8
3
6
1
7
1
9
-1
5
3
7
2
4
7
12
6
8
4
-1
-1
5
6
14
4
7
6
-4
1
0
7
8
14
7
3
-5
7
7
12
-12
22
14
1
1
6
2
-7
-10
14
9
1
-3
-8
-11
-8
-7
5
10
3
-3
5
0
2
4
-11
3
1
3
6
0
-4
-5
-2
3
3
0
5
5
-5
-3
-3
-1
4
8
11
-6
-1
-5
-8
-3
-4
3
1
2
8
1
-9
-6
6
0
8
8
7
9
-14
11
17
15
20
17
17
17
3
0
11
6
9
14
5
23
8
0
7
11
5
8
14
9
3
-3
8
7
6
10
8
7
2
-4
-5
2
0
-4
6
-1
8
-1
-6
-3
1
-13
-15
7
6
1
2
5
0
-2
-2
-11
4
6
6
5
9
0
-8
-5
20
7
14
8
3
7
0
-10
11
5
1
2
-3
1
-11
-14
-6
-1
9
9
0
4
1
-17
1
-3
5
-1
-2
5
4
-15
-9
-2
-13
-5
2
-5
-14
-2
-9
-17
-15
-6
-1
1
-3
-9
-21
-12
-11
-2
-7
7
-4
-19
-11
-12
-9
-8
-7
-8
-12
-13
-15
4
6
8
4
4
4
0
6
6
6
6
9
-1
-2
4
-3
1
5
13
7
2
9
6
9
7
6
8
5
11
6
-4
0
2
4
6
9
8
8
3
7
6
4
8
6
10
3
4
-4
7
1
-2
3
7
13
4
-15
-4
1
5
-2
-1
3
4
-4
-11
4
-8
-3
8
9
8
-1
-6
-11
4
1
7
9
10
7
-8
4
-5
5
5
2
10
2
2
-3
0
-3
12
1
7
3
-4
-4
3
1
1
-5
7
-1
0
-1
6
-7
-4
3
3
-1
4
1
-1
-5
-2
-1
2
4
4
7
2
10
1
5
2
2
9
0
-4
-5
-9
-9
3
-1
-2
-5
-4
-6
-7
-15
-1
-10
2
-14
3
-6
-11
-7
-2
1
-9
-6
-6
-10
-5
-9
5
3
-2
-4
-11
-12
-14
-11
2
-4
-3
-3
-6
0
-7
-5
-6
-3
-1
2
-1
-7
-4
4
-4
2
-2
7
1
0
-7
7
-3
7
4
2
6
-1
1
7
6
1
0
9
0
6
5
4
9
1
8
7
4
2
5
12
7
3
7
8
-1
2
8
11
13
-6
16
12
7
-2
4
6
10
12
15
7
3
-8
17
8
18
11
3
7
3
0
-1
9
14
2
18
11
-11
-26
22
16
16
7
10
15
-5
4
4
-5
3
9
-2
0
4
-3
-3
-1
1
-4
-2
3
-4
1
-13
-2
-3
-3
-8
-9
-10
-14
-8
-9
-8
-2
-6
-9
-4
-2
-8
-4
5
-27
-10
-2
3
0
-4
1
-9
-6
-3
-10
-4
1
-5
-14
-5
-1
-3
-1
-8
1
-3
-2
-20
-7
-1
-2
-9
2
-7
-4
-2
-6
-4
-6
-3
-1
5
-3
-1
-11
2
4
2
0
-4
-5
-4
-1
1
3
3
3
1
3
1
2
-1
2
12
2
6
-4
-1
-1
10
4
7
2
4
-6
7
3
3
1
5
1
5
5
3
12
-1
-1
5
6
5
9
17
6
-5
4
12
-4
-3
5
1
-4
-10
3
4
-18
-6
-19
-6
-16
-25
-10
-21
-8
-17
-12
-2
-16
-15
-2
-4
-10
-3
3
-10
-3
7
-3
2
3
11
-11
-13
-2
-6
3
-5
9
-6
4
13
-18
-9
1
7
6
6
-5
7
-14
-16
-15
-5
-5
2
4
0
-3
-20
-24
4
9
1
11
-4
-5
-10
-19
-2
4
-2
9
4
6
-5
-17
-15
2
1
-7
7
12
0
6
-13
-4
2
1
8
-6
1
13
-4
-6
8
14
5
2
-2
0
5
5
6
5
4
4
7
4
18
23
6
11
5
4
-6
19
21
19
15
12
5
7
0
2
8
-17
-6
-12
-16
2
-2
-4
-9
-2
-16
-5
-12
0
-3
-13
1
-4
-8
-11
-1
2
-6
-5
-10
-2
-5
-10
-12
-1
2
-7
-1
1
-3
-1
-17
0
2
1
1
-7
0
-1
-3
3
-1
10
7
2
7
0
-7
-1
13
11
3
-3
1
-3
-2
-1
10
14
2
0
-1
4
-9
3
10
6
7
1
-1
-6
-17
1
13
4
6
7
3
-4
-10
-1
9
6
6
9
2
1
-10
10
2
9
1
7
5
6
3
7
6
2
7
4
9
-1
1
21
4
5
-1
9
2
5
11
10
16
3
-11
-1
7
4
5
14
5
8
0
-3
3
-6
-4
4
-2
3
10
4
-5
-6
-3
-4
-3
6
10
4
-7
-3
-10
-2
1
7
3
2
3
-12
-7
-7
-4
-2
7
4
-2
1
-16
1
-3
1
6
5
-4
2
-38
-10
-3
0
2
1
-3
-8
-23
-2
0
-7
0
4
-7
-18
-14
1
-8
-11
7
1
-9
-10
-14
1
-5
-1
-5
-1
-2
-21
-1
-6
-7
-5
2
2
1
-8
5
-2
-4
-2
3
1
-4
-6
-4
6
3
1
1
0
1
0
-3
2
10
-1
-1
4
7
0
-8
6
6
5
4
4
6
3
-3
12
2
8
2
7
10
5
4
-6
-3
3
1
-8
-7
-9
-6
-7
-3
-1
-6
-2
-16
-13
-3
0
4
5
-2
-3
-10
4
0
-7
5
1
-4
-1
1
8
1
9
1
4
-2
0
4
5
4
5
3
2
1
9
7
15
4
16
6
4
9
-4
11
6
11
0
9
8
11
11
7
16
10
7
8
3
16
13
9
2
-1
1
6
-6
4
7
3
-4
5
5
-8
-15
-6
1
-11
-2
0
5
-8
-20
5
-8
-5
-13
8
-1
1
-12
-6
-10
-1
-3
0
10
-7
-14
-11
-10
-7
-7
-2
-1
-10
-4
-6
0
-6
5
-12
0
-8
-2
-7
-9
-1
-5
-7
-1
0
3
1
-4
1
-11
-5
-3
6
-4
-4
7
-4
-4
2
2
0
4
4
1
0
-7
-1
9
3
3
8
-4
-3
-9
6
1
-7
0
1
3
-6
-5
4
6
4
-6
5
0
8
2
10
10
1
2
-2
-3
-1
2
12
7
6
4
-1
-6
3
9
12
8
13
1
-3
-10
3
9
1
6
12
2
-1
-12
3
4
8
8
2
1
-7
-12
0
3
16
6
-3
0
-16
-13
-1
1
16
8
-5
-8
-29
-13
-6
6
5
4
-1
-2
-43
-6
-1
6
10
-1
3
3
-53
-21
4
9
-3
8
10
-3
-37
-31
-17
5
7
-10
7
-10
12
2
0
-6
-3
-8
5
7
10
7
-7
9
-7
0
0
4
11
7
5
3
-2
6
8
3
6
8
1
-4
-3
3
3
8
5
6
-1
0
5
0
5
1
2
12
9
0
10
-5
3
-5
0
4
-5
8
13
11
-1
-7
-3
-14
-2
7
16
11
5
-2
-17
-10
-10
7
16
9
-3
-5
-5
-7
-2
-2
11
1
6
4
8
0
5
-1
1
0
6
0
3
1
8
5
-4
5
-8
6
8
8
-1
4
-3
-1
2
0
4
13
4
3
-9
-1
4
-2
17
0
9
-3
1
-2
5
8
4
10
4
6
-13
11
12
15
23
26
19
13
2
5
10
15
19
13
16
8
14
15
9
4
14
8
14
16
10
10
11
5
9
8
2
9
7
2
-2
15
4
5
18
12
13
5
6
7
4
-1
4
14
12
-3
0
9
3
-1
4
5
15
0
3
10
4
-7
3
12
-4
5
-1
6
3
-3
-9
-2
1
-10
13
0
4
3
-14
-7
-12
1
0
4
-5
1
-3
-19
-19
-11
2
-3
-3
-9
-10
-13
-26
-5
-3
-2
-8
-5
-9
-3
-22
-9
-6
-8
-12
-5
-18
-13
-17
-4
-14
-4
-9
-8
2
-21
-10
-17
-7
-21
-17
-10
-13
-21
-15
-6
4
20
7
15
10
7
7
12
15
5
11
10
7
13
9
6
8
3
10
2
8
6
4
10
7
-2
11
0
4
6
0
-1
4
8
8
5
-1
0
-12
2
1
5
7
4
-4
-3
2
1
3
-12
2
5
-1
-7
2
5
-5
-3
0
8
-7
-6
1
-13
-2
3
2
-1
2
7
0
-3
-6
-1
1
-3
4
7
3
-5
-6
-1
0
-2
2
6
-1
-9
-2
-6
5
5
7
5
0
1
-10
0
7
4
0
-3
6
-11
-11
-3
6
-1
4
-1
-1
-3
-3
-3
-10
-3
-2
2
11
-5
-2
-12
-7
-1
2
-8
-3
30
6
-5
9
12
13
1
12
-4
1
4
7
5
9
-6
0
18
11
-3
7
1
4
11
-5
5
10
11
2
9
-5
5
-4
3
4
-2
9
10
3
1
6
4
11
3
3
5
2
0
1
10
6
8
-3
-4
-5
-13
5
8
14
2
2
-11
-4
-22
-10
13
19
6
-4
3
-5
-24
-22
2
10
7
0
-6
4
-10
-25
4
8
7
3
8
-4
-2
-41
-5
2
-7
2
5
-6
-13
-27
0
-8
-1
1
-4
-12
-13
-18
-1
-5
-2
3
0
-11
-23
-10
-1
-9
-2
0
-7
1
-21
-18
-10
-5
-14
-8
-4
-4
-22
0
-24
-2
7
8
7
1
10
2
1
-3
0
8
-1
10
4
10
-1
4
3
5
-4
5
3
6
-1
2
6
3
2
1
3
9
4
6
13
5
-5
-2
-3
3
3
9
1
1
0
-5
-19
-15
10
3
2
-5
-7
-4
-4
-42
2
-6
4
5
-5
4
-10
4
-17
-4
-2
-3
-1
-4
13
19
-24
-5
-9
-6
-6
3
7
16
-17
-7
-11
-20
7
9
4
15
3
-8
-5
5
3
-2
6
19
2
-5
3
-5
9
2
4
1
1
1
8
5
-8
6
2
2
-1
8
4
1
2
-7
9
8
16
-5
0
15
2
-1
-5
-1
6
4
2
-1
-4
-4
1
18
7
-6
-1
6
1
7
4
-8
5
-7
8
4
2
8
4
-1
-3
3
-1
6
2
7
-3
-2
-3
5
4
10
0
8
2
-4
-2
-4
-1
7
7
0
4
-8
-9
-1
-6
2
7
3
1
4
-4
-5
2
4
4
6
2
5
-2
1
-4
-2
1
2
-1
2
-2
1
2
-4
7
3
3
-7
-10
-6
-6
5
3
-5
5
-11
-7
-9
1
1
2
2
-4
2
-18
-2
-6
5
1
2
7
0
-11
-11
6
9
6
6
0
5
-9
6
-5
9
9
7
6
7
4
-12
-4
5
-3
3
13
17
-8
-5
-16
-20
-15
-6
5
-7
-8
9
-9
-18
-12
-6
-1
-10
-2
-6
-9
-21
-5
0
-3
4
1
1
-10
-13
-2
-7
4
3
3
-4
-10
-13
-3
-4
-1
1
6
-7
-6
-7
-1
2
-1
12
12
0
-14
-3
6
3
2
11
7
2
-9
-7
5
8
6
5
19
7
-10
-1
3
7
2
7
14
6
3
-5
6
9
16
7
1
4
0
0
0
7
12
1
-1
-5
0
1
1
7
14
6
-1
1
2
-3
0
11
15
-1
3
9
1
4
2
9
12
-2
-4
3
1
4
6
-5
12
1
-2
-5
-8
13
17
11
-13
0
-4
-1
-22
-16
-13
-2
5
8
-4
-7
-15
-18
-24
6
2
3
-1
4
-2
-29
-12
1
2
6
-3
-6
-2
-39
1
-4
5
6
2
3
-5
-29
0
3
4
16
9
2
-3
-14
-6
2
3
15
18
6
2
-12
-12
5
0
1
12
3
-3
-8
-7
-3
10
0
4
-3
5
1
-8
-6
1
0
-5
7
8
3
5
-10
2
-10
-8
-5
3
9
-2
6
-4
-4
-9
7
7
4
15
-6
3
-3
-10
1
2
8
6
8
-4
8
-1
-3
-7
8
3
5
14
-7
-3
1
0
2
4
0
0
4
-15
-2
-14
6
6
9
1
-8
-9
-1
-1
0
-1
-2
-2
-5
-2
0
-2
-4
-4
-5
0
-11
-3
-5
1
-15
-13
10
-6
-6
0
-19
-3
3
-4
-3
-5
4
-5
-12
-7
-11
-24
-3
-4
8
-4
-13
-6
-4
-6
-8
-5
13
3
-10
-4
-4
2
-17
7
26
5
-3
-1
10
17
-10
0
20
2
3
12
10
5
4
-3
8
7
-2
9
10
7
6
10
0
-8
2
8
7
2
-2
10
2
0
0
6
1
0
8
-2
-4
-9
8
2
-1
1
-2
4
-9
1
8
9
-9
-17
7
5
-10
9
-8
-5
-4
-5
3
-1
-9
-2
-5
-3
-1
-1
-1
-6
-7
14
-4
-2
-7
-5
0
2
3
7
-1
1
1
5
0
12
-8
8
5
5
0
-4
2
-1
0
-1
2
-5
8
-1
-1
10
-7
7
4
-2
4
5
2
9
-9
2
3
1
6
4
-5
-3
-3
3
6
1
3
11
3
-7
-14
-13
0
13
9
4
6
-8
-6
-31
9
4
4
12
5
-2
-4
-12
-7
11
8
12
-6
4
-3
9
3
-2
6
-3
-2
0
10
6
1
-8
-14
-4
-5
0
-3
15
0
-12
-7
-6
3
-7
1
3
1
-6
4
-12
-1
2
6
-6
-2
-12
-7
-1
-5
-6
9
-12
3
-3
1
-15
-3
6
-20
18
3
1
-13
-7
5
-1
-2
9
9
11
11
-2
1
5
12
-1
7
6
8
6
4
4
1
9
3
6
13
7
-2
3
4
5
5
3
8
6
10
10
4
5
-1
1
1
2
6
10
5
1
-5
-2
-1
7
5
12
10
-22
-7
-9
-1
2
8
7
11
-46
-15
-3
-4
4
4
-1
-3
-11
-27
-12
4
-4
-1
-3
7
6
-1
1
-12
-4
-6
1
-5
1
1
0
-4
-6
-7
-4
-5
8
4
-5
-2
-8
0
-7
-2
0
-6
1
-1
-2
-13
-3
-8
-10
3
-3
10
-2
-7
-9
-2
-2
1
0
1
10
-5
3
4
8
1
9
1
-2
-7
-16
-6
14
3
-1
2
2
6
4
-2
1
10
-1
8
-6
-1
-2
-7
2
6
-3
5
4
-5
5
3
9
0
5
11
4
-3
3
2
-4
3
7
7
3
4
-1
-7
-9
-1
1
4
8
6
5
-1
-2
3
7
-1
4
8
8
-6
-6
-1
12
3
5
8
-5
-4
-7
0
1
-1
6
-4
2
-1
-5
4
-3
2
-2
10
-2
4
3
8
4
-1
7
-2
4
10
-4
4
-6
4
-1
5
-1
4
2
-5
3
2
-3
4
2
7
2
3
-2
-2
-2
5
-8
-1
5
-3
6
3
7
-5
5
1
-87
4
48
-13
-74
22
-41
-49
-20
-18
1
82
-66
22
-60
-7
-34
37
-20
67
-52
-24
-41
31
-35
-30
-10
-75
8
-12
-31
-50
-18
-29
-34
93
-32
-38
90
-50
-31
-7
-32
-36
41
-21
-23
28
-25
-18
-18
-19
-34
-14
-19
-44
29
-58
-24
-30
-46
11
86
-8
-1
68
-53
-54
-7
-46
-31
-37
-20
62
-36
-13
-36
-23
-30
-30
-11
-65
-25
-17
10
-4
-31
24
-14
107
-12
-29
-27
-39
-31
4
-36
-27
-15
-19
-21
19
-29
-19
-6
-15
-12
-6
-50
-72
37
7
-42
-46
-56
-43
-23
31
-6
58
-36
12
-35
-56
-8
38
37
50
-57
26
-48
38
-37
-26
-11
-50
-13
-11
-18
13
55
-25
-3
128
0
-7
-10
-20
-10
26
-21
-9
-10
-10
-8
47
-9
-12
-9
-7
-6
-1
-44
-27
-15
-24
-2
-14
20
44
104
-2
-24
91
-25
-24
9
-27
-29
69
-11
-8
-20
-5
-4
-4
-19
-8
-1
1
-18
-10
-22
3
-14
-32
-9
118
-1
-9
-12
-27
-17
2
-26
-20
-12
-4
78
-12
-3
-3
-2
61
-6
-4
-19
-40
51
-3
-26
21
6
-24
90
-16
-42
76
-48
43
-7
-53
-31
-37
43
58
-43
37
-33
-14
-27
44
-6
-25
-3
-2
0
29
-2
-1
0
0
0
-2
-1
-4
-5
-20
-8
0
-5
0
0
65
-12
-4
0
0
0
0
9
-15
-9
-13
23
-8
-8
-5
129
0
-17
-9
-22
44
-26
-9
-10
-12
-9
-4
-7
-1
-6
-2
-5
-4
-4
-14
-27
56
-35
10
-14
-37
-15
117
-3
-22
95
-32
28
6
-32
-21
-23
-14
-12
-25
-15
-14
-16
82
-16
-7
9
25
-8
-30
13
51
-19
-22
106
-3
-21
-12
7
-17
-41
52
-15
-18
-7
-8
-8
-7
-3
-5
-8
-11
0
-40
-40
53
14
-12
-24
46
-30
113
-10
-48
-24
-46
12
-8
-50
17
-36
54
72
10
40
3
-15
-29
-21
-1
-31
0
-14
-50
-68
-28
13
-38
91
49
11
68
-5
26
-19
3
-40
57
-25
-16
29
42
9
-11
-32
-17
-4
8
-20
-7
-30
9
-13
-19
59
-13
0
-30
91
-29
-32
14
18
-17
72
0
-9
-13
-2
-12
-6
-10
-9
0
-34
-2
0
-10
-17
0
0
0
0
0
0
0
-7
-6
-17
-1
0
-5
0
0
109
-6
-2
-1
0
-1
0
7
11
-17
-38
-6
-19
-24
-30
122
-3
16
-16
1
33
8
-44
-24
45
-8
76
-26
-10
-18
-5
-10
-11
-10
-56
-23
-7
-28
0
51
-33
50
-10
-2
-22
96
-25
-28
-37
-37
39
-26
61
86
-19
-5
-2
-4
-14
-4
-1
-3
-28
-17
-26
6
43
-25
39
130
-3
-29
-18
-42
-38
-40
-33
-15
45
-9
67
-16
-12
-13
-9
60
-9
-5
-19
-32
-21
-27
-24
34
12
-24
99
-7
-32
87
-15
30
-58
-38
-34
38
62
-16
-37
47
-23
-14
-24
44
-8
-40
-9
-5
-9
22
-9
-9
-8
104
0
-11
-9
-17
-8
-31
-20
-13
-9
-6
-6
44
68
-7
-4
-2
-6
0
17
-7
-3
-8
-28
-4
-14
-3
-2
0
-4
87
-15
-7
33
-9
-6
-2
-3
-5
-5
-1
-6
0
0
-5
0
-20
-10
0
-8
-29
-11
-3
-2
102
-2
-8
-11
-1
-4
-2
39
-8
-10
-1
-3
-1
-2
0
-3
-1
0
-1
-18
-2
-2
-6
-14
-6
-5
-1
-7
0
-8
78
37
-8
-9
-10
-2
0
-1
-3
-2
0
0
-1
-9
-1
0
-7
-17
-9
-19
1
-4
-15
-9
115
-3
-22
88
-32
-18
-30
-23
-11
-10
-1
-12
-8
-3
-3
-3
-8
64
-1
-10
-48
51
-55
1
-35
6
23
104
-5
7
-23
-15
35
0
11
-44
45
-29
-22
37
-27
7
-16
42
-25
-15
